0.387298334621
0.387298334621
0.387298334621
0.387298334621
0.387071214378
0.385967399314
0.385967399314
0.385967399314
0.385967399314
0.385967399314
0.366780758765
0.359738041265
0.352678973478
0.344365297806
0.334536744369
0.324329051017
0.318542187159
0.316321237036
0.313460257981
0.309437392698
0.302848697097
0.298189746638
0.29524453142
0.291474412828
0.28628191234
0.282666691234
0.278186088797
0.27310712184
0.269748030577
0.265398678093
0.260576284416
0.257056657179
0.252655562641
0.247558999702
0.24348810717
0.239638964556
0.234675218831
0.230754107945
0.226548284037
0.222129466753
0.218042331517
0.213672646822
0.209411377437
0.205288820933
0.200854321172
0.196733322038
0.192013888387
0.187821280299
0.183566972338
0.179521934593
0.17492093452
0.170915549322
0.165790404829
0.162275485929
0.158720272807
0.153609895515
0.149342308138
0.145042522501
0.140827761231
0.136919075856
0.132529713649
0.127499019604
0.123876786903
0.119611175621
0.115036950585
0.110453610172
0.106508802453
0.103007079045
0.0981699207157
0.0932031830644
0.0891802949087
0.0854946392082
0.0803419774049
0.0767167408936
0.0724853433461
0.068537094579
0.0635331278416
0.0590801009929
0.0551282595408
0.0551282595408
0.0511611017604
0.0376491478434
0.0324518874644
0.0321455025366
0.0316227766017
0.0257317896774
0.0149499163877
0.014461154864
0.00871779788708
0.0102692907902
0.0049117206761
