0.0
0.0
0.0
0.0
0.0105
0.035
0.035
0.035
0.035
0.035
0.1875
0.2225
0.2495
0.2795
0.311
0.338
0.3405
0.3255
0.314
0.309
0.316
0.3135
0.302
0.296
0.296
0.2885
0.285
0.285
0.276
0.2725
0.27
0.2625
0.259
0.2585
0.2525
0.247
0.2455
0.2395
0.2355
0.231
0.2255
0.222
0.2175
0.213
0.2095
0.204
0.202
0.197
0.193
0.1875
0.184
0.1785
0.1775
0.17
0.1635
0.162
0.1575
0.154
0.1495
0.143
0.1395
0.138
0.1315
0.127
0.123
0.12
0.1155
0.1085
0.106
0.103
0.0975
0.092
0.091
0.0835
0.0795
0.076
0.0725
0.0685
0.0645
0.0645
0.0595
0.0595
0.0525
0.04
0.03
0.0315
0.033
0.0255
0.018
0.0115
0.0105
0.0
0.0
0.0
0.0
0.0105
0.035
0.035
0.035
0.035
0.035
0.1875
0.2225
0.2495
0.2795
0.311
0.338
0.3405
0.3255
0.314
0.309
0.316
0.3135
0.302
0.296
0.296
0.2885
0.285
0.285
0.276
0.2725
0.27
0.2625
0.259
0.2585
0.2525
0.247
0.2455
0.2395
0.2355
0.231
0.2255
0.222
0.2175
0.213
0.2095
0.204
0.202
0.197
0.193
0.1875
0.184
0.1785
0.1775
0.17
0.1635
0.162
0.1575
0.154
0.1495
0.143
0.1395
0.138
0.1315
0.127
0.123
0.12
0.1155
0.1085
0.106
0.103
0.0975
0.092
0.091
0.0835
0.0795
0.076
0.0725
0.0685
0.0645
0.0645
0.0595
0.0595
0.0525
0.04
0.03
0.0315
0.033
0.0255
0.018
0.0115
0.0105
